1.0 0.0 -0.0 20.0 5.4500000000003 0.6666666666669163
1.0 0.0 -0.0 20.0 5.883333333333634 0.8000000000001498
1.0 0.0 -0.0 20.0 5.450000000000301 0.9333333333333833
1.0 0.0 -0.0 20.0 5.016666666666968 0.8000000000001499
1.0 -0.0 0.0 20.0 14.550000000000303 -0.6666666666664167
1.0 -0.0 0.0 20.0 14.11666666666697 -0.79999999999985
1.0 -0.0 0.0 20.0 14.550000000000303 -0.9333333333332834
1.0 -0.0 0.0 20.0 14.983333333333633 -0.7999999999998502
1.0 0.0 -0.0 20.0 17.1500000000003 0.6666666666669163
1.0 0.0 -0.0 20.0 17.583333333333634 0.8000000000001498
1.0 0.0 -0.0 20.0 17.1500000000003 0.9333333333333833
1.0 0.0 -0.0 20.0 16.716666666666967 0.8000000000001499
1.0 0.0 -0.0 20.0 0.7500000000002505 2.99704705497561e-13
1.0 0.0 -0.0 20.0 0.4500000000001504 0.4000000000002997
1.0 0.0 -0.0 20.0 0.15000000000005007 2.998157278000235e-13
1.0 0.0 -0.0 20.0 0.45000000000015017 -0.3999999999997002
1.0 0.0 -0.0 20.0 10.216666666666967 2.998157278000235e-13
1.0 0.0 -0.0 20.0 10.6500000000003 -0.3999999999997002
1.0 0.0 -0.0 20.0 11.083333333333634 2.99704705497561e-13
1.0 0.0 -0.0 20.0 10.6500000000003 0.4000000000002997
1.0 0.0 -0.0 20.0 6.7500000000003 0.6666666666669163
1.0 0.0 -0.0 20.0 7.183333333333634 0.8000000000001498
1.0 0.0 -0.0 20.0 6.7500000000003 0.9333333333333833
1.0 0.0 -0.0 20.0 6.316666666666967 0.8000000000001499
1.0 -0.0 0.0 20.0 15.8500000000003 -0.6666666666664167
1.0 -0.0 0.0 20.0 15.416666666666966 -0.79999999999985
1.0 -0.0 0.0 20.0 15.8500000000003 -0.9333333333332834
1.0 -0.0 0.0 20.0 16.283333333333633 -0.7999999999998502
1.0 -0.0 0.0 20.0 18.733333333334034 0.6733333333335532
1.0 0.0 -0.0 20.0 18.053333333334113 0.6680000000002437
1.0 0.0 -0.0 20.0 18.486666666667446 0.7413333333334973
1.0 0.0 -0.0 20.0 18.853333333333715 0.8746666666667307
1.0 0.0 -0.0 20.0 18.420000000000382 0.9346666666667107
1.0 0.0 -0.0 20.0 17.98666666666705 0.8013333333334773
1.0 -0.0 0.0 20.0 2.1333333333340336 -0.5866666666664467
1.0 0.0 -0.0 20.0 1.146666666667047 -0.03733333333304949
1.0 0.0 -0.0 20.0 1.5133333333341132 -0.4373333333330495
1.0 0.0 -0.0 20.0 1.9466666666674466 -0.4239999999997961
1.0 0.0 -0.0 20.0 2.013333333333714 -0.023999999999796198
1.0 0.0 -0.0 20.0 1.5800000000003807 0.3626666666669504
1.0 -0.0 0.0 20.0 12.4000000000007 -0.55999999999978
1.0 0.0 -0.0 20.0 11.520000000000381 -0.03199999999971614
1.0 0.0 -0.0 20.0 11.753333333334114 -0.43199999999971617
1.0 0.0 -0.0 20.0 12.186666666667447 -0.391999999999796
1.0 0.0 -0.0 20.0 12.386666666667047 0.008000000000203907
1.0 0.0 -0.0 20.0 11.953333333333715 0.36800000000028377
1.0 0.0 -0.0 20.0 0.7500000000002506 0.8000000000001499
1.0 0.0 -0.0 20.0 0.4500000000001504 0.9333333333333833
1.0 0.0 -0.0 20.0 0.1500000000000501 0.8000000000001499
1.0 0.0 -0.0 20.0 0.4500000000001503 0.6666666666669164
1.0 -0.0 0.0 20.0 8.466666666667367 0.6466666666668865
1.0 0.0 -0.0 20.0 7.813333333334113 0.6626666666669104
1.0 0.0 -0.0 20.0 8.246666666667448 0.7093333333334972
1.0 0.0 -0.0 20.0 8.48000000000038 0.8426666666667308
1.0 0.0 -0.0 20.0 8.046666666667047 0.9293333333333773
1.0 0.0 -0.0 20.0 7.613333333333714 0.7960000000001439
1.0 -0.0 0.0 20.0 17.1500000000003 -0.6666666666664167
1.0 -0.0 0.0 20.0 16.716666666666967 -0.79999999999985
1.0 -0.0 0.0 20.0 17.1500000000003 -0.9333333333332834
1.0 -0.0 0.0 20.0 17.583333333333634 -0.7999999999998502
1.0 -0.0 0.0 20.0 4.150000000000301 -0.6666666666664167
1.0 -0.0 0.0 20.0 3.716666666666967 -0.79999999999985
1.0 -0.0 0.0 20.0 4.150000000000301 -0.9333333333332834
1.0 -0.0 0.0 20.0 4.583333333333634 -0.7999999999998502
1.0 -0.0 0.0 20.0 19.85000000000005 0.7850000000001549
1.0 -0.0 0.0 20.0 19.55000000000015 0.8583333333334082
1.0 -0.0 0.0 20.0 19.250000000000252 0.7250000000001748
1.0 -0.0 0.0 20.0 19.55000000000015 0.6516666666669214
1.0 0.0 -0.0 20.0 19.4000000000002 0.9400000000000199
1.0 -0.0 0.0 20.0 3.283333333333634 -0.4716666666664867
1.0 -0.0 0.0 20.0 2.8500000000003007 -0.4583333333332333
1.0 -0.0 0.0 20.0 2.416666666666967 -0.5583333333331534
1.0 -0.0 0.0 20.0 2.8500000000003003 -0.5716666666664068
1.0 0.0 -0.0 20.0 2.416666666666967 0.04166666666684661
1.0 0.0 -0.0 20.0 2.8500000000003003 -0.2583333333332334
1.0 0.0 -0.0 20.0 3.283333333333634 0.12833333333351316
1.0 0.0 -0.0 20.0 2.8500000000003007 0.4283333333335931
1.0 -0.0 0.0 20.0 13.683333333333636 -0.43166666666648645
1.0 -0.0 0.0 20.0 13.250000000000302 -0.39166666666656624
1.0 -0.0 0.0 20.0 12.816666666666968 -0.5183333333331532
1.0 -0.0 0.0 20.0 13.250000000000302 -0.5583333333330733
1.0 0.0 -0.0 20.0 12.816666666666968 0.08166666666684672
1.0 0.0 -0.0 20.0 13.250000000000302 -0.19166666666656645
1.0 0.0 -0.0 20.0 13.683333333333636 0.16833333333351333
1.0 0.0 -0.0 20.0 13.250000000000302 0.44166666666692644
1.0 -0.0 0.0 20.0 18.4500000000003 -0.6666666666664167
1.0 -0.0 0.0 20.0 18.016666666666968 -0.79999999999985
1.0 -0.0 0.0 20.0 18.4500000000003 -0.9333333333332834
1.0 -0.0 0.0 20.0 18.883333333333635 -0.7999999999998502
1.0 -0.0 0.0 20.0 5.450000000000301 -0.6666666666664167
1.0 -0.0 0.0 20.0 5.016666666666968 -0.79999999999985
1.0 -0.0 0.0 20.0 5.4500000000003 -0.9333333333332834
1.0 -0.0 0.0 20.0 5.883333333333634 -0.7999999999998502
1.0 0.0 -0.0 20.0 1.5500000000003005 0.6666666666669163
1.0 0.0 -0.0 20.0 1.9833333333336338 0.8000000000001498
1.0 0.0 -0.0 20.0 1.5500000000003007 0.9333333333333833
1.0 0.0 -0.0 20.0 1.1166666666669673 0.8000000000001499
1.0 -0.0 0.0 20.0 4.583333333333634 -0.3416666666664866
1.0 -0.0 0.0 20.0 4.150000000000301 -0.24166666666656644
1.0 -0.0 0.0 20.0 3.716666666666967 -0.4283333333331533
1.0 -0.0 0.0 20.0 4.150000000000301 -0.5283333333330734
1.0 0.0 -0.0 20.0 3.716666666666967 0.17166666666684655
1.0 0.0 -0.0 20.0 4.150000000000301 -0.041666666666566696
1.0 0.0 -0.0 20.0 4.583333333333634 0.25833333333351316
1.0 0.0 -0.0 20.0 4.150000000000301 0.4716666666669264
1.0 -0.0 0.0 20.0 14.983333333333633 -0.3016666666664868
1.0 -0.0 0.0 20.0 14.550000000000303 -0.1749999999998999
1.0 -0.0 0.0 20.0 14.11666666666697 -0.38833333333315323
1.0 -0.0 0.0 20.0 14.550000000000303 -0.5149999999997401
1.0 0.0 -0.0 20.0 14.11666666666697 0.2116666666668467
1.0 0.0 -0.0 20.0 14.550000000000303 0.025000000000100026
1.0 0.0 -0.0 20.0 14.983333333333633 0.2983333333335131
1.0 0.0 -0.0 20.0 14.550000000000303 0.4850000000002598
1.0 -0.0 0.0 20.0 19.55000000000015 -0.6666666666664167
1.0 -0.0 0.0 20.0 19.250000000000252 -0.79999999999985
1.0 -0.0 0.0 20.0 19.55000000000015 -0.9333333333332834
1.0 -0.0 0.0 20.0 19.85000000000005 -0.7999999999998502
1.0 -0.0 0.0 20.0 6.7500000000003 -0.6666666666664167
1.0 -0.0 0.0 20.0 6.316666666666967 -0.79999999999985
1.0 -0.0 0.0 20.0 6.7500000000003 -0.9333333333332834
1.0 -0.0 0.0 20.0 7.183333333333634 -0.7999999999998502
1.0 0.0 -0.0 20.0 2.8500000000003003 0.6666666666669163
1.0 0.0 -0.0 20.0 3.283333333333634 0.8000000000001498
1.0 0.0 -0.0 20.0 2.8500000000003007 0.9333333333333833
1.0 0.0 -0.0 20.0 2.416666666666967 0.8000000000001499
1.0 0.0 -0.0 20.0 10.00000000000025 0.8000000000001498
1.0 0.0 -0.0 20.0 10.00000000000015 0.9333333333333833
1.0 0.0 -0.0 20.0 10.00000000000005 0.8000000000001499
1.0 0.0 -0.0 20.0 10.00000000000015 0.6666666666669163
1.0 -0.0 0.0 20.0 9.783333333333385 0.7783333333334882
1.0 -0.0 0.0 20.0 9.35000000000015 0.8250000000000751
1.0 -0.0 0.0 20.0 8.916666666666918 0.6916666666668416
1.0 -0.0 0.0 20.0 9.35000000000015 0.6450000000002547
1.0 0.0 -0.0 20.0 9.133333333333534 0.9133333333333533
1.0 -0.0 0.0 20.0 16.283333333333633 -0.17166666666648694
1.0 -0.0 0.0 20.0 15.8500000000003 0.041666666666766494
1.0 -0.0 0.0 20.0 15.416666666666966 -0.25833333333315345
1.0 -0.0 0.0 20.0 15.8500000000003 -0.47166666666640683
1.0 0.0 -0.0 20.0 15.416666666666966 0.34166666666684653
1.0 0.0 -0.0 20.0 15.8500000000003 0.2416666666667665
1.0 0.0 -0.0 20.0 16.283333333333633 0.4283333333335131
1.0 0.0 -0.0 20.0 15.8500000000003 0.5283333333335931
1.0 -0.0 0.0 20.0 5.883333333333634 -0.2116666666664868
1.0 -0.0 0.0 20.0 5.450000000000301 -0.024999999999899963
1.0 -0.0 0.0 20.0 5.016666666666968 -0.29833333333315337
1.0 -0.0 0.0 20.0 5.4500000000003 -0.48499999999974014
1.0 0.0 -0.0 20.0 5.016666666666968 0.3016666666668466
1.0 0.0 -0.0 20.0 5.4500000000003 0.17500000000009996
1.0 0.0 -0.0 20.0 5.883333333333634 0.38833333333351316
1.0 0.0 -0.0 20.0 5.450000000000301 0.5150000000002597
1.0 -0.0 0.0 20.0 8.050000000000301 -0.6666666666664167
1.0 -0.0 0.0 20.0 7.616666666666967 -0.79999999999985
1.0 -0.0 0.0 20.0 8.050000000000301 -0.9333333333332834
1.0 -0.0 0.0 20.0 8.483333333333634 -0.7999999999998502
1.0 0.0 -0.0 20.0 4.150000000000301 0.6666666666669163
1.0 0.0 -0.0 20.0 4.583333333333634 0.8000000000001498
1.0 0.0 -0.0 20.0 4.150000000000301 0.9333333333333833
1.0 0.0 -0.0 20.0 3.716666666666967 0.8000000000001499
1.0 0.0 -0.0 20.0 10.6500000000003 0.6666666666669163
1.0 0.0 -0.0 20.0 11.083333333333634 0.8000000000001498
1.0 0.0 -0.0 20.0 10.6500000000003 0.9333333333333833
1.0 0.0 -0.0 20.0 10.216666666666967 0.8000000000001499
1.0 -0.0 0.0 20.0 17.583333333333634 -0.04166666666648691
1.0 -0.0 0.0 20.0 17.1500000000003 0.2583333333334331
1.0 -0.0 0.0 20.0 16.716666666666967 -0.1283333333331535
1.0 -0.0 0.0 20.0 17.1500000000003 -0.42833333333307355
1.0 0.0 -0.0 20.0 16.716666666666967 0.4716666666668464
1.0 0.0 -0.0 20.0 17.1500000000003 0.4583333333334332
1.0 0.0 -0.0 20.0 17.583333333333634 0.5583333333335132
1.0 0.0 -0.0 20.0 17.1500000000003 0.5716666666669263
1.0 -0.0 0.0 20.0 7.183333333333634 -0.08166666666648675
1.0 -0.0 0.0 20.0 6.7500000000003 0.19166666666676668
1.0 -0.0 0.0 20.0 6.316666666666967 -0.16833333333315337
1.0 -0.0 0.0 20.0 6.7500000000003 -0.4416666666664068
1.0 0.0 -0.0 20.0 6.316666666666967 0.4316666666668465
1.0 0.0 -0.0 20.0 6.7500000000003 0.39166666666676664
1.0 0.0 -0.0 20.0 7.183333333333634 0.5183333333335132
1.0 0.0 -0.0 20.0 6.7500000000003 0.558333333333593
1.0 0.0 -0.0 20.0 11.950000000000301 0.6666666666669163
1.0 0.0 -0.0 20.0 12.383333333333635 0.8000000000001498
1.0 0.0 -0.0 20.0 11.950000000000301 0.9333333333333833
1.0 0.0 -0.0 20.0 11.516666666666968 0.8000000000001499
1.0 -0.0 0.0 20.0 10.0000000000002 -0.99999999999998
1.0 0.0 -0.0 20.0 10.00000000000025 -0.7999999999998251
1.0 0.0 -0.0 20.0 10.00000000000015 -0.6666666666664118
1.0 0.0 -0.0 20.0 10.00000000000005 -0.7999999999998451
1.0 0.0 -0.0 20.0 10.00000000000015 -0.9333333333332584
1.0 -0.0 0.0 20.0 9.35000000000015 -0.6666666666664168
1.0 -0.0 0.0 20.0 8.916666666666918 -0.79999999999985
1.0 -0.0 0.0 20.0 9.35000000000015 -0.9333333333332834
1.0 -0.0 0.0 20.0 9.783333333333385 -0.7999999999998502
1.0 -0.0 0.0 20.0 18.853333333333715 0.03733333333361703
1.0 -0.0 0.0 20.0 18.486666666667446 0.43733333333361707
1.0 -0.0 0.0 20.0 18.053333333334113 0.42400000000020377
1.0 -0.0 0.0 20.0 17.98666666666705 0.024000000000203872
1.0 -0.0 0.0 20.0 18.420000000000382 -0.36266666666638286
1.0 0.0 -0.0 20.0 17.866666666667367 0.5866666666668864
1.0 -0.0 0.0 20.0 8.48000000000038 0.03200000000028373
1.0 -0.0 0.0 20.0 8.246666666667448 0.43200000000028377
1.0 -0.0 0.0 20.0 7.813333333334113 0.39200000000020396
1.0 -0.0 0.0 20.0 7.613333333333714 -0.00799999999979599
1.0 -0.0 0.0 20.0 8.046666666667047 -0.36799999999971617
1.0 0.0 -0.0 20.0 7.6000000000006995 0.5600000000002199
1.0 0.0 -0.0 20.0 13.250000000000302 0.6666666666669163
1.0 0.0 -0.0 20.0 13.683333333333636 0.8000000000001498
1.0 0.0 -0.0 20.0 13.250000000000302 0.9333333333333833
1.0 0.0 -0.0 20.0 12.816666666666968 0.8000000000001499
1.0 -0.0 0.0 20.0 10.6500000000003 -0.8916666666666166
1.0 -0.0 0.0 20.0 10.216666666666967 -0.9783333333333034
1.0 -0.0 0.0 20.0 10.6500000000003 -0.9783333333333234
1.0 -0.0 0.0 20.0 11.083333333333634 -0.8916666666666367
1.0 0.0 -0.0 20.0 10.216666666666967 -0.7783333333331532
1.0 0.0 -0.0 20.0 10.6500000000003 -0.8249999999999
1.0 0.0 -0.0 20.0 11.083333333333634 -0.6916666666664867
1.0 0.0 -0.0 20.0 10.6500000000003 -0.6449999999997401
1.0 -0.0 0.0 20.0 19.85000000000005 2.99704705497561e-13
1.0 -0.0 0.0 20.0 19.55000000000015 0.4000000000002997
1.0 -0.0 0.0 20.0 19.250000000000252 2.998157278000235e-13
1.0 -0.0 0.0 20.0 19.55000000000015 -0.3999999999997002
1.0 0.0 -0.0 20.0 14.550000000000303 0.6666666666669163
1.0 0.0 -0.0 20.0 14.983333333333633 0.8000000000001498
1.0 0.0 -0.0 20.0 14.550000000000303 0.9333333333333833
1.0 0.0 -0.0 20.0 14.11666666666697 0.8000000000001499
1.0 0.0 -0.0 20.0 10.00000000000025 2.99704705497561e-13
1.0 0.0 -0.0 20.0 10.00000000000015 0.4000000000002997
1.0 0.0 -0.0 20.0 10.00000000000005 2.998157278000235e-13
1.0 0.0 -0.0 20.0 10.00000000000015 -0.3999999999997002
1.0 -0.0 0.0 20.0 9.783333333333385 2.9969545363902245e-13
1.0 -0.0 0.0 20.0 9.35000000000015 0.4000000000002997
1.0 -0.0 0.0 20.0 8.916666666666918 2.9977872036586934e-13
1.0 -0.0 0.0 20.0 9.35000000000015 -0.39999999999970026
1.0 -0.0 0.0 20.0 0.6000000000002004 -0.93999999999998
1.0 0.0 -0.0 20.0 0.7500000000002502 -0.7249999999998251
1.0 0.0 -0.0 20.0 0.4500000000001502 -0.6516666666664117
1.0 0.0 -0.0 20.0 0.15000000000005004 -0.784999999999845
1.0 0.0 -0.0 20.0 0.4500000000001501 -0.8583333333332583
1.0 -0.0 0.0 20.0 12.186666666667445 -0.6626666666664227
1.0 -0.0 0.0 20.0 11.753333333334115 -0.7093333333331693
1.0 -0.0 0.0 20.0 11.520000000000381 -0.8426666666666026
1.0 -0.0 0.0 20.0 11.953333333333715 -0.9293333333332894
1.0 -0.0 0.0 20.0 12.386666666667047 -0.7959999999998562
1.0 0.0 -0.0 20.0 11.533333333334035 -0.6466666666664467
1.0 0.0 -0.0 20.0 15.8500000000003 0.6666666666669163
1.0 0.0 -0.0 20.0 16.283333333333633 0.8000000000001498
1.0 0.0 -0.0 20.0 15.8500000000003 0.9333333333333833
1.0 0.0 -0.0 20.0 15.416666666666966 0.8000000000001499
1.0 -0.0 0.0 20.0 13.250000000000302 -0.6666666666664167
1.0 -0.0 0.0 20.0 12.816666666666968 -0.79999999999985
1.0 -0.0 0.0 20.0 13.250000000000302 -0.9333333333332834
1.0 -0.0 0.0 20.0 13.683333333333636 -0.7999999999998502
1.0 -0.0 0.0 20.0 1.9466666666674466 -0.6679999999997561
1.0 -0.0 0.0 20.0 1.5133333333341135 -0.7413333333331694
1.0 -0.0 0.0 20.0 1.146666666667047 -0.8746666666666028
1.0 -0.0 0.0 20.0 1.5800000000003802 -0.9346666666666228
1.0 -0.0 0.0 20.0 2.013333333333714 -0.8013333333331896
1.0 0.0 -0.0 20.0 1.2666666666673665 -0.6733333333331134
1.0 -0.0 0.0 20.0 2.8500000000003007 -0.6666666666664167
1.0 -0.0 0.0 20.0 2.416666666666967 -0.79999999999985
1.0 -0.0 0.0 20.0 2.8500000000003003 -0.9333333333332834
1.0 -0.0 0.0 20.0 3.283333333333634 -0.7999999999998502
