20 19.0714 0.642857
20 19.0714 0.771429
20 18.4286 0.642857
20 16.3048 0.635238
20 17.519 0.635238
20 17.2905 0.740952
20 18.1381 0.678095
20 18.781 0.806667
20 17.9095 0.78381
20 18.9952 0.873333
20 18.9952 0.944762
20 18.1238 0.850476
20 18.3762 0.968571
20 16.519 0.968571
20 17.5048 0.874286
20 15.9 0.901905
20 15.9 0.701905
20 16.8857 0.807619
20 8.11905 0.604762
20 8.11905 0.619048
20 8.04762 0.604762
20 5.39048 0.627619
20 7.17619 0.627619
20 6.49048 0.710476
20 7.79524 0.632381
20 7.86667 0.646667
20 7.10952 0.715238
20 7.89048 0.713333
20 7.89048 0.899048
20 7.13333 0.781905
20 7.27143 0.960952
20 5.41429 0.960952
20 6.51429 0.84381
20 4.79524 0.894286
20 4.79524 0.694286
20 5.89524 0.777143
20 18.3571 -0.633333
20 16.5 -0.633333
20 17.4286 -0.733333
20 15.881 -0.7
20 15.881 -0.9
20 16.8095 -0.8
20 16.5 -0.966667
20 18.3571 -0.966667
20 17.4286 -0.866667
20 18.9762 -0.9
20 18.9762 -0.7
20 18.0476 -0.8
20 7.21429 -0.633333
20 5.35714 -0.633333
20 6.28571 -0.733333
20 4.7381 -0.7
20 4.7381 -0.9
20 5.66667 -0.8
20 5.35714 -0.966667
20 7.21429 -0.966667
20 6.28571 -0.866667
20 7.83333 -0.9
20 7.83333 -0.7
20 6.90476 -0.8
20 19.8214 -0.633333
20 19.4643 -0.633333
20 19.6429 -0.733333
20 19.3452 -0.7
20 19.3452 -0.9
20 19.5238 -0.8
20 19.4643 -0.966667
20 19.8214 -0.966667
20 19.6429 -0.866667
20 19.9405 -0.9
20 19.9405 -0.7
20 19.7619 -0.8
20 19.9405 0.694048
20 19.9405 0.894048
20 19.7619 0.77619
20 19.8214 0.936905
20 19.4643 0.865476
20 19.6429 0.819048
20 19.3452 0.79881
20 19.3452 0.670238
20 19.5238 0.752381
20 19.4643 0.627381
20 19.8214 0.627381
20 19.6429 0.709524
20 19.4048 0.904762
20 19.7619 0.97619
20 19.4048 0.97619
20 4.02381 -0.519048
20 4.02381 -0.27619
20 2.80952 -0.519048
20 1.00476 0.29619
20 1.00476 -0.30381
20 1.87619 -0.0152381
20 1.21905 -0.50381
20 1.8619 -0.50381
20 2.09048 -0.215238
20 2.48095 -0.422857
20 3.69524 -0.18
20 2.70952 -0.134286
20 4.1 0.02
20 4.1 0.377143
20 3.11429 0.0657143
20 3.48095 0.49619
20 1.62381 0.49619
20 2.49524 0.184762
20 11.7024 -0.3
20 11.7024 0.3
20 11.2381 2.9976e-13
20 11.3929 0.5
20 10.4643 0.5
20 10.9286 0.2
20 10.1548 0.3
20 10.1548 -0.3
20 10.619 2.9976e-13
20 10.4643 -0.5
20 11.3929 -0.5
20 10.9286 -0.2
20 9.84524 -0.3
20 9.84524 0.3
20 9.38095 2.9976e-13
20 9.53571 0.5
20 8.60714 0.5
20 9.07143 0.2
20 8.29762 0.3
20 8.29762 -0.3
20 8.7619 2.9976e-13
20 8.60714 -0.5
20 9.53571 -0.5
20 9.07143 -0.2
20 11.7024 0.7
20 11.7024 0.9
20 11.2381 0.8
20 11.3929 0.966667
20 10.4643 0.966667
20 10.9286 0.866667
20 10.1548 0.9
20 10.1548 0.7
20 10.619 0.8
20 10.4643 0.633333
20 11.3929 0.633333
20 10.9286 0.733333
20 9.84524 0.684524
20 9.84524 0.884524
20 9.38095 0.738095
20 9.53571 0.889286
20 8.60714 0.703571
20 9.07143 0.742857
20 8.29762 0.636905
20 8.29762 0.622619
20 8.7619 0.67619
20 8.60714 0.617857
20 9.53571 0.617857
20 9.07143 0.671429
20 8.45238 0.752381
20 9.38095 0.938095
20 8.45238 0.938095
20 0.595238 -0.904762
20 0.238095 -0.97619
20 0.595238 -0.97619
20 0.654762 -0.79881
20 0.654762 -0.670238
20 0.47619 -0.752381
20 0.535714 -0.627381
20 0.178571 -0.627381
20 0.357143 -0.709524
20 0.0595238 -0.694048
20 0.0595238 -0.894048
20 0.238095 -0.77619
20 0.178571 -0.936905
20 0.535714 -0.865476
20 0.357143 -0.819048
20 0.654762 -0.3
20 0.654762 0.3
20 0.47619 2.9976e-13
20 0.535714 0.5
20 0.178571 0.5
20 0.357143 0.2
20 0.0595238 0.3
20 0.0595238 -0.3
20 0.238095 2.9976e-13
20 0.178571 -0.5
20 0.535714 -0.5
20 0.357143 -0.2
20 14.9762 -0.480952
20 14.9762 -0.12381
20 13.1905 -0.480952
20 12.1095 0.30381
20 12.1095 -0.29619
20 12.8667 0.0152381
20 12.1333 -0.49619
20 12.2048 -0.49619
20 12.8905 -0.184762
20 12.8238 -0.377143
20 14.6095 -0.02
20 13.5095 -0.0657143
20 15.2048 0.18
20 15.2048 0.422857
20 14.1048 0.134286
20 14.5857 0.50381
20 12.7286 0.50381
20 13.4857 0.215238
20 7.89048 -0.30381
20 7.89048 0.29619
20 7.13333 -0.0152381
20 7.86667 0.49619
20 7.79524 0.49619
20 7.10952 0.184762
20 7.17619 0.377143
20 5.39048 0.02
20 6.49048 0.0657143
20 4.79524 -0.18
20 4.79524 -0.422857
20 5.89524 -0.134286
20 5.41429 -0.50381
20 7.27143 -0.50381
20 6.51429 -0.215238
20 5.02381 0.480952
20 5.02381 0.12381
20 6.80952 0.480952
20 11.5476 -0.752381
20 10.619 -0.938095
20 11.5476 -0.938095
20 11.7024 -0.636905
20 11.7024 -0.622619
20 11.2381 -0.67619
20 11.3929 -0.617857
20 10.4643 -0.617857
20 10.9286 -0.671429
20 10.1548 -0.684524
20 10.1548 -0.884524
20 10.619 -0.738095
20 10.4643 -0.889286
20 11.3929 -0.703571
20 10.9286 -0.742857
20 9.53571 -0.633333
20 8.60714 -0.633333
20 9.07143 -0.733333
20 8.29762 -0.7
20 8.29762 -0.9
20 8.7619 -0.8
20 8.60714 -0.966667
20 9.53571 -0.966667
20 9.07143 -0.866667
20 9.84524 -0.9
20 9.84524 -0.7
20 9.38095 -0.8
20 12.7857 0.633333
20 14.6429 0.633333
20 13.7143 0.733333
20 15.2619 0.7
20 15.2619 0.9
20 14.3333 0.8
20 14.6429 0.966667
20 12.7857 0.966667
20 13.7143 0.866667
20 12.1667 0.9
20 12.1667 0.7
20 13.0952 0.8
20 3.69524 -0.635238
20 2.48095 -0.635238
20 2.70952 -0.740952
20 1.8619 -0.678095
20 1.21905 -0.806667
20 2.09048 -0.78381
20 1.00476 -0.873333
20 1.00476 -0.944762
20 1.87619 -0.850476
20 1.62381 -0.968571
20 3.48095 -0.968571
20 2.49524 -0.874286
20 4.1 -0.901905
20 4.1 -0.701905
20 3.11429 -0.807619
20 0.928571 -0.642857
20 0.928571 -0.771429
20 1.57143 -0.642857
20 19.9405 -0.3
20 19.9405 0.3
20 19.7619 2.9976e-13
20 19.8214 0.5
20 19.4643 0.5
20 19.6429 0.2
20 19.3452 0.3
20 19.3452 -0.3
20 19.5238 2.9976e-13
20 19.4643 -0.5
20 19.8214 -0.5
20 19.6429 -0.2
20 14.6095 -0.627619
20 12.8238 -0.627619
20 13.5095 -0.710476
20 12.2048 -0.632381
20 12.1333 -0.646667
20 12.8905 -0.715238
20 12.1095 -0.713333
20 12.1095 -0.899048
20 12.8667 -0.781905
20 12.7286 -0.960952
20 14.5857 -0.960952
20 13.4857 -0.84381
20 15.2048 -0.894286
20 15.2048 -0.694286
20 14.1048 -0.777143
20 11.881 -0.604762
20 11.881 -0.619048
20 11.9524 -0.604762
20 18.9952 -0.29619
20 18.9952 0.30381
20 18.1238 0.0152381
20 18.781 0.50381
20 18.1381 0.50381
20 17.9095 0.215238
20 17.519 0.422857
20 16.3048 0.18
20 17.2905 0.134286
20 15.9 -0.02
20 15.9 -0.377143
20 16.8857 -0.0657143
20 16.519 -0.49619
20 18.3762 -0.49619
20 17.5048 -0.184762
20 15.9762 0.519048
20 15.9762 0.27619
20 17.1905 0.519048
20 0.654762 0.7
20 0.654762 0.9
20 0.47619 0.8
20 0.535714 0.966667
20 0.178571 0.966667
20 0.357143 0.866667
20 0.0595238 0.9
20 0.0595238 0.7
20 0.238095 0.8
20 0.178571 0.633333
20 0.535714 0.633333
20 0.357143 0.733333
20 1.64286 0.633333
20 3.5 0.633333
20 2.57143 0.733333
20 4.11905 0.7
20 4.11905 0.9
20 3.19048 0.8
20 3.5 0.966667
20 1.64286 0.966667
20 2.57143 0.866667
20 1.02381 0.9
20 1.02381 0.7
20 1.95238 0.8
